#                                                                                        --- full sequence --- -------------- this domain -------------   hmm coord   ali coord   env coord
# target name                    accession   tlen query name           accession   qlen   E-value  score  bias   #  of  c-Evalue  i-Evalue  score  bias  from    to  from    to  from    to  acc description of target
#            ------------------- ---------- ----- -------------------- ---------- ----- --------- ------ ----- --- --- --------- --------- ------ ----- ----- ----- ----- ----- ----- ----- ---- ---------------------
TRINITY_DN22555_c0_g1_i1:95-1738 -            548 272605at33208        -            399    6e-159  528.2  18.0   1   1  6.4e-160  1.5e-156  520.3  18.0     9   399    41   538    36   538 0.85 -
TRINITY_DN2836_c0_g1_i1:197-1060 -            288 272605at33208        -            399    0.0084   14.0   0.0   1   3      0.12   2.8e+02   -0.8   0.0    34    50     6    22     4    34 0.81 -
TRINITY_DN2836_c0_g1_i1:197-1060 -            288 272605at33208        -            399    0.0084   14.0   0.0   2   3   0.00012      0.28    9.0   0.0    21    59   162   199   158   219 0.83 -
TRINITY_DN2836_c0_g1_i1:197-1060 -            288 272605at33208        -            399    0.0084   14.0   0.0   3   3      0.03        68    1.2   0.0   258   298   233   274   203   283 0.78 -
TRINITY_DN2836_c0_g1_i2:283-1146 -            288 272605at33208        -            399    0.0084   14.0   0.0   1   3      0.12   2.8e+02   -0.8   0.0    34    50     6    22     4    34 0.81 -
TRINITY_DN2836_c0_g1_i2:283-1146 -            288 272605at33208        -            399    0.0084   14.0   0.0   2   3   0.00012      0.28    9.0   0.0    21    59   162   199   158   219 0.83 -
TRINITY_DN2836_c0_g1_i2:283-1146 -            288 272605at33208        -            399    0.0084   14.0   0.0   3   3      0.03        68    1.2   0.0   258   298   233   274   203   283 0.78 -
TRINITY_DN1766_c1_g1_i1:327-1073 -            249 272605at33208        -            399     0.073   10.9   0.0   1   3     0.031        72    1.1   0.0    27    56    45    73    26    84 0.74 -
TRINITY_DN1766_c1_g1_i1:327-1073 -            249 272605at33208        -            399     0.073   10.9   0.0   2   3    0.0026         6    4.6   0.0    34    56    94   115    86   127 0.75 -
TRINITY_DN1766_c1_g1_i1:327-1073 -            249 272605at33208        -            399     0.073   10.9   0.0   3   3      0.04        92    0.7   0.0    34    49   178   193   148   201 0.58 -
#
# Program:         hmmsearch
# Version:         3.1b2 (February 2015)
# Pipeline mode:   SEARCH
# Query file:      /busco_wd/busco_downloads/lineages/metazoa_odb10/hmms/272605at33208.hmm
# Target file:     /busco_wd/BUSCO/run_metazoa_odb10/metaeuk_output/initial_results/Trinity.fasta.modified.fas
# Option settings: hmmsearch --domtblout /busco_wd/BUSCO/run_metazoa_odb10/hmmer_output/initial_run_results/272605at33208.out --cpu 1 /busco_wd/busco_downloads/lineages/metazoa_odb10/hmms/272605at33208.hmm /busco_wd/BUSCO/run_metazoa_odb10/metaeuk_output/initial_results/Trinity.fasta.modified.fas 
# Current dir:     /busco_wd
# Date:            Tue Nov 23 09:01:32 2021
# [ok]
