#                                                                                        --- full sequence --- -------------- this domain -------------   hmm coord   ali coord   env coord
# target name                    accession   tlen query name           accession   qlen   E-value  score  bias   #  of  c-Evalue  i-Evalue  score  bias  from    to  from    to  from    to  acc description of target
#            ------------------- ---------- ----- -------------------- ---------- ----- --------- ------ ----- --- --- --------- --------- ------ ----- ----- ----- ----- ----- ----- ----- ---- ---------------------
TRINITY_DN2046_c0_g1_i2:341-1294 -            318 482691at33208        -            248  1.9e-112  373.5  18.7   1   3   3.6e-46   8.3e-43  145.4   0.8     6   125     9   134     3   140 0.83 -
TRINITY_DN2046_c0_g1_i2:341-1294 -            318 482691at33208        -            248  1.9e-112  373.5  18.7   2   3   0.00065       1.5    7.0   7.3   109   131   148   170   122   179 0.70 -
TRINITY_DN2046_c0_g1_i2:341-1294 -            318 482691at33208        -            248  1.9e-112  373.5  18.7   3   3   1.4e-71   3.2e-68  228.6   1.0   124   248   190   316   171   316 0.92 -
TRINITY_DN2046_c0_g1_i4:414-1367 -            318 482691at33208        -            248  1.9e-112  373.5  18.7   1   3   3.6e-46   8.3e-43  145.4   0.8     6   125     9   134     3   140 0.83 -
TRINITY_DN2046_c0_g1_i4:414-1367 -            318 482691at33208        -            248  1.9e-112  373.5  18.7   2   3   0.00065       1.5    7.0   7.3   109   131   148   170   122   179 0.70 -
TRINITY_DN2046_c0_g1_i4:414-1367 -            318 482691at33208        -            248  1.9e-112  373.5  18.7   3   3   1.4e-71   3.2e-68  228.6   1.0   124   248   190   316   171   316 0.92 -
TRINITY_DN2046_c0_g1_i7:414-1367 -            318 482691at33208        -            248  1.9e-112  373.5  18.7   1   3   3.6e-46   8.3e-43  145.4   0.8     6   125     9   134     3   140 0.83 -
TRINITY_DN2046_c0_g1_i7:414-1367 -            318 482691at33208        -            248  1.9e-112  373.5  18.7   2   3   0.00065       1.5    7.0   7.3   109   131   148   170   122   179 0.70 -
TRINITY_DN2046_c0_g1_i7:414-1367 -            318 482691at33208        -            248  1.9e-112  373.5  18.7   3   3   1.4e-71   3.2e-68  228.6   1.0   124   248   190   316   171   316 0.92 -
TRINITY_DN166857_c0_g1_i1:99-212 -             38 482691at33208        -            248   1.7e-11   42.9   0.0   1   1   7.3e-15   1.7e-11   42.9   0.0    24    59     3    38     1    38 0.94 -
#
# Program:         hmmsearch
# Version:         3.1b2 (February 2015)
# Pipeline mode:   SEARCH
# Query file:      /busco_wd/busco_downloads/lineages/metazoa_odb10/hmms/482691at33208.hmm
# Target file:     /busco_wd/BUSCO/run_metazoa_odb10/metaeuk_output/initial_results/Trinity.fasta.modified.fas
# Option settings: hmmsearch --domtblout /busco_wd/BUSCO/run_metazoa_odb10/hmmer_output/initial_run_results/482691at33208.out --cpu 1 /busco_wd/busco_downloads/lineages/metazoa_odb10/hmms/482691at33208.hmm /busco_wd/BUSCO/run_metazoa_odb10/metaeuk_output/initial_results/Trinity.fasta.modified.fas 
# Current dir:     /busco_wd
# Date:            Tue Nov 23 09:03:39 2021
# [ok]
