#                                                                                     --- full sequence --- -------------- this domain -------------   hmm coord   ali coord   env coord
# target name                 accession   tlen query name           accession   qlen   E-value  score  bias   #  of  c-Evalue  i-Evalue  score  bias  from    to  from    to  from    to  acc description of target
#         ------------------- ---------- ----- -------------------- ---------- ----- --------- ------ ----- --- --- --------- --------- ------ ----- ----- ----- ----- ----- ----- ----- ---- ---------------------
TRINITY_DN169_c0_g1_i3:38-796 -            253 511668at33208        -            186   2.6e-57  192.6   2.6   1   3     2e-31   3.7e-28   97.6   0.2     1    90     1   103     1   118 0.85 -
TRINITY_DN169_c0_g1_i3:38-796 -            253 511668at33208        -            186   2.6e-57  192.6   2.6   2   3   0.00019      0.35    9.6   0.0    92   128   129   171   119   182 0.84 -
TRINITY_DN169_c0_g1_i3:38-796 -            253 511668at33208        -            186   2.6e-57  192.6   2.6   3   3   2.2e-27   4.1e-24   84.4   0.1   126   185   194   253   189   253 0.96 -
TRINITY_DN169_c0_g1_i4:38-796 -            253 511668at33208        -            186   2.6e-57  192.6   2.6   1   3     2e-31   3.7e-28   97.6   0.2     1    90     1   103     1   118 0.85 -
TRINITY_DN169_c0_g1_i4:38-796 -            253 511668at33208        -            186   2.6e-57  192.6   2.6   2   3   0.00019      0.35    9.6   0.0    92   128   129   171   119   182 0.84 -
TRINITY_DN169_c0_g1_i4:38-796 -            253 511668at33208        -            186   2.6e-57  192.6   2.6   3   3   2.2e-27   4.1e-24   84.4   0.1   126   185   194   253   189   253 0.96 -
TRINITY_DN169_c0_g1_i6:38-796 -            253 511668at33208        -            186   2.6e-57  192.6   2.6   1   3     2e-31   3.7e-28   97.6   0.2     1    90     1   103     1   118 0.85 -
TRINITY_DN169_c0_g1_i6:38-796 -            253 511668at33208        -            186   2.6e-57  192.6   2.6   2   3   0.00019      0.35    9.6   0.0    92   128   129   171   119   182 0.84 -
TRINITY_DN169_c0_g1_i6:38-796 -            253 511668at33208        -            186   2.6e-57  192.6   2.6   3   3   2.2e-27   4.1e-24   84.4   0.1   126   185   194   253   189   253 0.96 -
TRINITY_DN169_c0_g1_i7:38-796 -            253 511668at33208        -            186   2.6e-57  192.6   2.6   1   3     2e-31   3.7e-28   97.6   0.2     1    90     1   103     1   118 0.85 -
TRINITY_DN169_c0_g1_i7:38-796 -            253 511668at33208        -            186   2.6e-57  192.6   2.6   2   3   0.00019      0.35    9.6   0.0    92   128   129   171   119   182 0.84 -
TRINITY_DN169_c0_g1_i7:38-796 -            253 511668at33208        -            186   2.6e-57  192.6   2.6   3   3   2.2e-27   4.1e-24   84.4   0.1   126   185   194   253   189   253 0.96 -
TRINITY_DN169_c0_g1_i1:38-652 -            205 511668at33208        -            186     1e-31  109.1   1.4   1   2   1.2e-31   2.2e-28   98.3   0.2     1    90     1   103     1   118 0.85 -
TRINITY_DN169_c0_g1_i1:38-652 -            205 511668at33208        -            186     1e-31  109.1   1.4   2   2   0.00013      0.23   10.2   0.1    92   128   129   171   116   182 0.84 -
#
# Program:         hmmsearch
# Version:         3.1b2 (February 2015)
# Pipeline mode:   SEARCH
# Query file:      /busco_wd/busco_downloads/lineages/metazoa_odb10/hmms/511668at33208.hmm
# Target file:     /busco_wd/BUSCO/run_metazoa_odb10/metaeuk_output/initial_results/Trinity.fasta.modified.fas
# Option settings: hmmsearch --domtblout /busco_wd/BUSCO/run_metazoa_odb10/hmmer_output/initial_run_results/511668at33208.out --cpu 1 /busco_wd/busco_downloads/lineages/metazoa_odb10/hmms/511668at33208.hmm /busco_wd/BUSCO/run_metazoa_odb10/metaeuk_output/initial_results/Trinity.fasta.modified.fas 
# Current dir:     /busco_wd
# Date:            Tue Nov 23 09:03:50 2021
# [ok]
