#                                                                                      --- full sequence --- -------------- this domain -------------   hmm coord   ali coord   env coord
# target name                  accession   tlen query name           accession   qlen   E-value  score  bias   #  of  c-Evalue  i-Evalue  score  bias  from    to  from    to  from    to  acc description of target
#          ------------------- ---------- ----- -------------------- ---------- ----- --------- ------ ----- --- --- --------- --------- ------ ----- ----- ----- ----- ----- ----- ----- ---- ---------------------
TRINITY_DN9571_c0_g1_i1:63-878 -            272 515377at33208        -            184   2.1e-47  160.0  12.6   1   3   0.00071       1.6    7.1   0.1     6    34    53    81    49    90 0.89 -
TRINITY_DN9571_c0_g1_i1:63-878 -            272 515377at33208        -            184   2.1e-47  160.0  12.6   2   3     8e-22   1.8e-18   65.7   5.4    35   107    99   171    96   177 0.90 -
TRINITY_DN9571_c0_g1_i1:63-878 -            272 515377at33208        -            184   2.1e-47  160.0  12.6   3   3   6.5e-30   1.5e-26   92.0   0.1    91   182   172   267   161   269 0.84 -
TRINITY_DN9571_c0_g1_i2:63-878 -            272 515377at33208        -            184   2.1e-47  160.0  12.6   1   3   0.00071       1.6    7.1   0.1     6    34    53    81    49    90 0.89 -
TRINITY_DN9571_c0_g1_i2:63-878 -            272 515377at33208        -            184   2.1e-47  160.0  12.6   2   3     8e-22   1.8e-18   65.7   5.4    35   107    99   171    96   177 0.90 -
TRINITY_DN9571_c0_g1_i2:63-878 -            272 515377at33208        -            184   2.1e-47  160.0  12.6   3   3   6.5e-30   1.5e-26   92.0   0.1    91   182   172   267   161   269 0.84 -
TRINITY_DN9571_c0_g1_i3:63-878 -            272 515377at33208        -            184   2.1e-47  160.0  12.6   1   3   0.00071       1.6    7.1   0.1     6    34    53    81    49    90 0.89 -
TRINITY_DN9571_c0_g1_i3:63-878 -            272 515377at33208        -            184   2.1e-47  160.0  12.6   2   3     8e-22   1.8e-18   65.7   5.4    35   107    99   171    96   177 0.90 -
TRINITY_DN9571_c0_g1_i3:63-878 -            272 515377at33208        -            184   2.1e-47  160.0  12.6   3   3   6.5e-30   1.5e-26   92.0   0.1    91   182   172   267   161   269 0.84 -
TRINITY_DN9571_c0_g1_i5:63-878 -            272 515377at33208        -            184   2.1e-47  160.0  12.6   1   3   0.00071       1.6    7.1   0.1     6    34    53    81    49    90 0.89 -
TRINITY_DN9571_c0_g1_i5:63-878 -            272 515377at33208        -            184   2.1e-47  160.0  12.6   2   3     8e-22   1.8e-18   65.7   5.4    35   107    99   171    96   177 0.90 -
TRINITY_DN9571_c0_g1_i5:63-878 -            272 515377at33208        -            184   2.1e-47  160.0  12.6   3   3   6.5e-30   1.5e-26   92.0   0.1    91   182   172   267   161   269 0.84 -
#
# Program:         hmmsearch
# Version:         3.1b2 (February 2015)
# Pipeline mode:   SEARCH
# Query file:      /busco_wd/busco_downloads/lineages/metazoa_odb10/hmms/515377at33208.hmm
# Target file:     /busco_wd/BUSCO/run_metazoa_odb10/metaeuk_output/initial_results/Trinity.fasta.modified.fas
# Option settings: hmmsearch --domtblout /busco_wd/BUSCO/run_metazoa_odb10/hmmer_output/initial_run_results/515377at33208.out --cpu 1 /busco_wd/busco_downloads/lineages/metazoa_odb10/hmms/515377at33208.hmm /busco_wd/BUSCO/run_metazoa_odb10/metaeuk_output/initial_results/Trinity.fasta.modified.fas 
# Current dir:     /busco_wd
# Date:            Tue Nov 23 09:03:51 2021
# [ok]
